00000000000110011
00000000111010011
11111110111001110
00000000111101101
11111111100111110
00000001000001010
11111110010000111
00000000101011001
00000101100100111
11110000110000100
00010110010010100
11101111000100001
11111011111110111
00100001001011110
11001011100000001
00101110100110110
11110011101011111
11011101111000011
01000011111101101
10111011100110000
00100001111101001
00010010110000110
11000010000011010
01001010001110001
11001111001001010
00000000001000000
00110001010110111
10110110100011000
00111101010001111
11101110011010101
11011101101010111
01000101100011111
10111010110111110
00100010100100001
00010001111100001
11000011010000010
01001001100000101
11001111001001010
00000000001000000
00110001010110111
10110110100011000
00111101010001111
11101110011010101
11011101101010111
01000101100011111
10111010110111110
00100010100100001
00010001111100001
11000011010000010
01001001100000101
11001111001001010
00000000001000000
00110001010110111
10110110100011000
00111101010001111
11101110011010101
11011101101010111
01000101100011111
10111010110111110
00100010100100001
00010001111100001
11000011010000010
01001001100000101
11001111001001010
00000000001000000
00110001010110111
10110110100011000
00111101010001111
11101110011010101
11011101101010111
01000101100011111
10111010110111110
00100010100100001
00010001111100001
11000011010000010
01001001100000101
11001111001001010
00000000001000000
00110001010110111
10110110100011000
00111101010001111
11101110011010101
11011101101010111
01000101100011111
10111010110111110
00100010100100001
00010001111100001
11000011010000010
01001001100000101
11001111001001010
00000000001000000
00110001010110111
10110110100011000
00111101010001111
11101110011010101
11011101101010111
01000101100011111
10111010110111110
00100010100100001
00010001111100001
11000011010000010
01001001100000101
11001111001001010
00000000001000000
00110001010110111
10110110100011000
00111101010001111
11101110011010101
11011101101010111
01000101100011111
10111010110111110
00100010100100001
00010001111100001
11000011010000010
01001001100000101
11001111001001010
00000000001000000
00110001010110111
10110110100011000
00111101010001111
11101110011010101
11011101101010111
01000101100011111
10111010110111110
00100010100100001
00010001111100001
11000011010000010
01001001100000101
11001111001001010
00000000001000000
00110001010110111
10110110100011000
00111101010001111
11101110011010101
11011101101010111
01000101100011111
10111010110111110
00100010100100001
00010001111100001
11000011010000010
01001001100000101
11001111001001010
00000000001000000
00110001010110111
10110110100011000
00111101010001111
11101110011010101
11011101101010111
01000101100011111
10111010110111110
00100010100100001
00010001111100001
11000011010000010
01001001100000101
11001111001001010
00000000001000000
00110001010110111
10110110100011000
00111101010001111
11101110011010101
11011101101010111
01000101100011111
10111010110111110
00100010100100001
00010001111100001
11000011010000010
01001001100000101
11001111001001010
00000000001000000
00110001010110111
10110110100011000
00111101010001111
11101110011010101
11011101101010111
01000101100011111
10111010110111110
00100010100100001
00010001111100001
11000011010000010
01001001100000101
11001111001001010
00000000001000000
00110001010110111
10110110100011000
00111101010001111
11101110011010101
11011101101010111
01000101100011111
10111010110111110
00100010100100001
00010001111100001
11000011010000010
01001001100000101
11001111001001010
00000000001000000
00110001010110111
10110110100011000
00111101010001111
11101110011010101
11011101101010111
01000101100011111
10111010110111110
00100010100100001
00010001111100001
11000011010000010
01001001100000101
11001111001001010
00000000001000000
00110001010110111
10110110100011000
00111101010001111
11101110011010101
11011101101010111
01000101100011111
10111010110111110
00100010100100001
00010001111100001
11000011010000010
01001001100000101
11001111001001010
00000000001000000
00110001010110111
10110110100011000
00111101010001111
11101110011010101
11011101101010111
01000101100011111
10111010110111110
00100010100100001
00010001111100001
11000011010000010
01001001100000101
11001111001001010
00000000001000000
00110001010110111
10110110100011000
00111101010001111
11101110011010101
11011101101010111
01000101100011111
10111010110111110
00100010100100001
00010001111100001
11000011010000010
01001001100000101
11001111001001010
00000000001000000
00110001010110111
10110110100011000
00111101010001111
11101110011010101
11011101101010111
01000101100011111
10111010110111110
00100010100100001
00010001111100001
11000011010000010
01001001100000101
11001111001001010
00000000001000000
00110001010110111
10110110100011000
00111101010001111
11101110011010101
11011101101010111
01000101100011111
10111010110111110
00100010100100001
00010001111100001
11000011010000010
01001001100000101
11001111001001010
00000000001000000
00110001010110111
10110110100011000
00111101010001111
11101110011010101
11011101101010111
01000101100011111
10111010110111110
00100010100100001
00010001111100001
11000011010000010
01001001100000101
11001111001001010
00000000001000000
00110001010110111
10110110100011000
00111101010001111
11101110011010101
11011101101010111
01000101100011111
10111010110111110
00100010100100001
00010001111100001
11000011010000010
01001001100000101
11001111001001010
00000000001000000
00110001010110111
10110110100011000
00111101010001111
11101110011010101
11011101101010111
01000101100011111
10111010110111110
00100010100100001
00010001111100001
11000011010000010
01001001100000101
11001111001001010
00000000001000000
00110001010110111
10110110100011000
00111101010001111
11101110011010101
11011101101010111
01000101100011111
10111010110111110
00100010100100001
00010001111100001
11000011010000010
01001001100000101
11001111001001010
00000000001000000
00110001010110111
10110110100011000
00111101010001111
11101110011010101
11011101101010111
01000101100011111
10111010110111110
00100010100100001
00010001111100001
11000011010000010
01001001100000101
11001111001001010
00000000001000000
00110001010110111
10110110100011000
00111101010001111
11101110011010101
11011101101010111
01000101100011111
10111010110111110
00100010100100001
00010001111100001
11000011010000010
01001001100000101
11001111001001010
00000000001000000
00110001010110111
10110110100011000
00111101010001111
11101110011010101
11011101101010111
01000101100011111
10111010110111110
00100010100100001
00010001111100001
11000011010000010
01001001100000101
11001111001001010
00000000001000000
00110001010110111
10110110100011000
00111101010001111
11101110011010101
11011101101010111
01000101100011111
10111010110111110
00100010100100001
00010001111100001
11000011010000010
01001001100000101
11001111001001010
00000000001000000
00110001010110111
10110110100011000
00111101010001111
11101110011010101
11011101101010111
01000101100011111
10111010110111110
00100010100100001
00010001111100001
11000011010000010
01001001100000101
11001111001001010
00000000001000000
00110001010110111
10110110100011000
00111101010001111
11101110011010101
11011101101010111
01000101100011111
10111010110111110
00100010100100001
00010001111100001
11000011010000010
01001001100000101
11001111001001010
00000000001000000
00110001010110111
10110110100011000
00111101010001111
11101110011010101
11011101101010111
01000101100011111
10111010110111110
00100010100100001
00010001111100001
11000011010000010
01001001100000101
11001111001001010
00000000001000000
00110001010110111
10110110100011000
00111101010001111
11101110011010101
11011101101010111
01000101100011111
10111010110111110
00100010100100001
00010001111100001
11000011010000010
01001001100000101
11001111001001010
00000000001000000
00110001010110111
10110110100011000
00111101010001111
11101110011010101
11011101101010111
01000101100011111
10111010110111110
00100010100100001
00010001111100001
11000011010000010
01001001100000101
11001111001001010
00000000001000000
00110001010110111
10110110100011000
00111101010001111
11101110011010101
11011101101010111
01000101100011111
10111010110111110
00100010100100001
00010001111100001
11000011010000010
01001001100000101
11001111001001010
00000000001000000
00110001010110111
10110110100011000
00111101010001111
11101110011010101
11011101101010111
01000101100011111
10111010110111110
00100010100100001
00010001111100001
11000011010000010
01001001100000101
11001111001001010
00000000001000000
00110001010110111
10110110100011000
00111101010001111
11101110011010101
11011101101010111
01000101100011111
10111010110111110
00100010100100001
00010001111100001
11000011010000010
01001001100000101
11001111001001010
00000000001000000
00110001010110111
10110110100011000
00111101010001111
11101110011010101
11011101101010111
01000101100011111
10111010110111110
00100010100100001
00010001111100001
11000011010000010
01001001100000101
11001111001001010
00000000001000000
00110001010110111
10110110100011000
00111101010001111
11101110011010101
11011101101010111
01000101100011111
10111010110111110
00100010100100001
00010001111100001
11000011010000010
01001001100000101
11001111001001010
00000000001000000
00110001010110111
10110110100011000
00111101010001111
11101110011010101
11011101101010111
01000101100011111
10111010110111110
00100010100100001
00010001111100001
11000011010000010
01001001100000101
11001111001001010
00000000001000000
00110001010110111
10110110100011000
00111101010001111
11101110011010101
11011101101010111
01000101100011111
10111010110111110
00100010100100001
00010001111100001
11000011010000010
01001001100000101
11001111001001010
00000000001000000
00110001010110111
10110110100011000
00111101010001111
11101110011010101
11011101101010111
01000101100011111
10111010110111110
00100010100100001
00010001111100001
11000011010000010
01001001100000101
11001111001001010
00000000001000000
00110001010110111
10110110100011000
00111101010001111
11101110011010101
11011101101010111
01000101100011111
10111010110111110
00100010100100001
00010001111100001
11000011010000010
01001001100000101
11001111001001010
00000000001000000
00110001010110111
10110110100011000
00111101010001111
11101110011010101
11011101101010111
01000101100011111
10111010110111110
00100010100100001
00010001111100001
11000011010000010
01001001100000101
11001111001001010
00000000001000000
00110001010110111
10110110100011000
00111101010001111
11101110011010101
11011101101010111
01000101100011111
10111010110111110
00100010100100001
00010001111100001
11000011010000010
01001001100000101
11001111001001010
00000000001000000
00110001010110111
10110110100011000
00111101010001111
11101110011010101
11011101101010111
01000101100011111
10111010110111110
00100010100100001
00010001111100001
11000011010000010
01001001100000101
11001111001001010
00000000001000000
00110001010110111
10110110100011000
00111101010001111
11101110011010101
11011101101010111
01000101100011111
10111010110111110
00100010100100001
00010001111100001
11000011010000010
01001001100000101
11001111001001010
00000000001000000
00110001010110111
10110110100011000
00111101010001111
11101110011010101
11011101101010111
01000101100011111
10111010110111110
00100010100100001
00010001111100001
11000011010000010
01001001100000101
11001111001001010
00000000001000000
00110001010110111
10110110100011000
00111101010001111
11101110011010101
11011101101010111
01000101100011111
10111010110111110
00100010100100001
00010001111100001
11000011010000010
01001001100000101
11001111001001010
00000000001000000
00110001010110111
10110110100011000
00111101010001111
11101110011010101
11011101101010111
01000101100011111
10111010110111110
00100010100100001
00010001111100001
11000011010000010
01001001100000101
11001111001001010
00000000001000000
00110001010110111
10110110100011000
00111101010001111
11101110011010101
11011101101010111
01000101100011111
10111010110111110
00100010100100001
00010001111100001
11000011010000010
01001001100000101
11001111001001010
00000000001000000
00110001010110111
10110110100011000
00111101010001111
11101110011010101
11011101101010111
01000101100011111
10111010110111110
00100010100100001
00010001111100001
11000011010000010
01001001100000101
11001111001001010
00000000001000000
00110001010110111
10110110100011000
00111101010001111
11101110011010101
11011101101010111
01000101100011111
10111010110111110
00100010100100001
00010001111100001
11000011010000010
01001001100000101
11001111001001010
00000000001000000
00110001010110111
10110110100011000
00111101010001111
11101110011010101
11011101101010111
01000101100011111
10111010110111110
00100010100100001
00010001111100001
11000011010000010
01001001100000101
11001111001001010
00000000001000000
00110001010110111
10110110100011000
00111101010001111
11101110011010101
11011101101010111
01000101100011111
10111010110111110
00100010100100001
00010001111100001
11000011010000010
01001001100000101
11001111001001010
00000000001000000
00110001010110111
10110110100011000
00111101010001111
11101110011010101
11011101101010111
01000101100011111
10111010110111110
00100010100100001
00010001111100001
11000011010000010
01001001100000101
11001111001001010
00000000001000000
00110001010110111
10110110100011000
00111101010001111
11101110011010101
11011101101010111
01000101100011111
10111010110111110
00100010100100001
00010001111100001
11000011010000010
01001001100000101
11001111001001010
00000000001000000
00110001010110111
10110110100011000
00111101010001111
11101110011010101
11011101101010111
01000101100011111
10111010110111110
00100010100100001
00010001111100001
11000011010000010
01001001100000101
11001111001001010
00000000001000000
00110001010110111
10110110100011000
00111101010001111
11101110011010101
11011101101010111
01000101100011111
10111010110111110
00100010100100001
00010001111100001
11000011010000010
01001001100000101
11001111001001010
00000000001000000
00110001010110111
10110110100011000
00111101010001111
11101110011010101
11011101101010111
01000101100011111
10111010110111110
00100010100100001
00010001111100001
11000011010000010
01001001100000101
11001111001001010
00000000001000000
00110001010110111
10110110100011000
00111101010001111
11101110011010101
11011101101010111
01000101100011111
10111010110111110
00100010100100001
00010001111100001
11000011010000010
01001001100000101
11001111001001010
00000000001000000
00110001010110111
10110110100011000
00111101010001111
11101110011010101
11011101101010111
01000101100011111
10111010110111110
00100010100100001
00010001111100001
11000011010000010
01001001100000101
11001111001001010
00000000001000000
00110001010110111
10110110100011000
00111101010001111
11101110011010101
11011101101010111
01000101100011111
10111010110111110
00100010100100001
00010001111100001
11000011010000010
01001001100000101
11001111001001010
00000000001000000
00110001010110111
10110110100011000
00111101010001111
11101110011010101
11011101101010111
01000101100011111
10111010110111110
00100010100100001
00010001111100001
11000011010000010
01001001100000101
11001111001001010
00000000001000000
00110001010110111
10110110100011000
00111101010001111
11101110011010101
11011101101010111
01000101100011111
10111010110111110
00100010100100001
00010001111100001
11000011010000010
01001001100000101
11001111001001010
00000000001000000
00110001010110111
10110110100011000
00111101010001111
11101110011010101
11011101101010111
01000101100011111
10111010110111110
00100010100100001
00010001111100001
11000011010000010
01001001100000101
11001111001001010
00000000001000000
00110001010110111
10110110100011000
00111101010001111
11101110011010101
11011101101010111
01000101100011111
10111010110111110
00100010100100001
00010001111100001
11000011010000010
01001001100000101
11001111001001010
00000000001000000
00110001010110111
10110110100011000
00111101010001111
11101110011010101
11011101101010111
01000101100011111
10111010110111110
00100010100100001
00010001111100001
11000011010000010
01001001100000101
11001111001001010
00000000001000000
00110001010110111
10110110100011000
00111101010001111
11101110011010101
11011101101010111
01000101100011111
10111010110111110
00100010100100001
00010001111100001
11000011010000010
01001001100000101
11001111001001010
00000000001000000
00110001010110111
10110110100011000
00111101010001111
11101110011010101
11011101101010111
01000101100011111
10111010110111110
00100010100100001
00010001111100001
11000011010000010
01001001100000101
11001111001001010
00000000001000000
00110001010110111
10110110100011000
00111101010001111
11101110011010101
11011101101010111
01000101100011111
10111010110111110
00100010100100001
00010001111100001
11000011010000010
01001001100000101
11001111001001010
00000000001000000
00110001010110111
10110110100011000
00111101010001111
11101110011010101
11011101101010111
01000101100011111
10111010110111110
00100010100100001
00010001111100001
11000011010000010
01001001100000101
11001111001001010
00000000001000000
00110001010110111
10110110100011000
00111101010001111
11101110011010101
11011101101010111
01000101100011111
10111010110111110
00100010100100001
00010001111100001
11000011010000010
01001001100000101
11001111001001010
00000000001000000
00110001010110111
10110110100011000
00111101010001111
11101110011010101
11011101101010111
01000101100011111
10111010110111110
00100010100100001
00010001111100001
11000011010000010
01001001100000101
11001111001001010
00000000001000000
00110001010110111
10110110100011000
00111101010001111
11101110011010101
11011101101010111
01000101100011111
10111010110111110
00100010100100001
00010001111100001
11000011010000010
01001001100000101
11001111001001010
00000000001000000
00110001010110111
10110110100011000
00111101010001111
11101110011010101
11011101101010111
01000101100011111
10111010110111110
00100010100100001
00010001111100001
11000011010000010
01001001100000101
11001111001001010
00000000001000000
00110001010110111
10110110100011000
00111101010001111
11101110011010101
11011101101010111
01000101100011111
10111010110111110
00100010100100001
00010001111100001
11000011010000010
01001001100000101
